MGI 2852 2852.96328 1.830000 5.000e8 24.3050 86.0 
MGII 2796 2796.3542699 0.6155  2.68e8  24.3050 211.0
MGII 2803 2803.5314853 0.3058  2.66e8  24.3050 120.0
ALII 1670 1670.7886 1.740  1.390e9 27.00 270.0
ALIII 1854 1862.79113 0.278  5.34e8 27.00 224.0
ALIII 1862 1854.71829 0.559  5.42e8 27.00 458.0
SIII 1526 1526.70698 0.13300  1.13E9 28.11 50.0
SIII 1808 1808.01288 0.00208  2.38e6 28.11 520.0 
CRII 2056 2056.25693 0.1030  4.07e8 52.06 -1030.0
CRII 2062 2062.23610 0.0759  4.06e8 52.06 -1168.0
CRII 2066 2066.16403 0.0512 4.17e8  52.06 -1360.0
FEII 1608 1608.45085 0.0577 2.74e8  55.847 -1030.0
FEII 1611 1611.20034 1.38e-3  2.86e8 55.847 1560.0
FEII 2344 2344.2129601 0.1142  2.680e8  55.847 1540.0
FEII 2374 2374.4603294 0.0313 3.09E8 55.847 1640.0
FEII 2382 2382.7641781  0.320 3.13E8 55.847 1498.0
FEII 2587 2586.6495659 0.069125 2.72E8 55.847 1520.0
FEII 2600 2600.1724835 0.2394 2.70e8 55.847 1356.0
NIII 1709 1709.6042 0.0324    4.35e8 58.76   -20.0
NIII 1741 1741.5531 0.042700  5.00E8 58.76 -1400.0
NIII 1751 1751.9157 0.027700  3.70E8 58.76  -700.0
ZNII 2026 2026.13709 0.501  4.07e8  65.47 2488.0
ZNII 2062 2062.66045 0.246  3.86e8  65.47 1585.0